000005309000270040100904020700000402000006100002050070031007960005000001900000000
084300020010005600009004010040001083000030001000000900020000060400290057000748000
000400100800100000002973000000800000300000024009050600007006000000000970403500000
004010000503006000000007040000002800300400090000008601086000500000001000200004380
460010000107500490200090010002000700800000004000306001000050008000609300700000020
000904570820037090000000000008000040010060002900000000060000800000078034003400200
005400200080002310200068400400200000010000920000070000009003100070000008008000060
073000800520100000008406000864950070000000000007064900000000000095087400000640005
000000900708000001030010005100032000000600000026008003040700020600200100003180097
600100000000000950094700601015007000000200003380000006100340007009000000000060090
005190000600004003000070000000003408000000090920500071457000200009000040006030000
070000800900130006500004000090000060763090002000800000409050300000070040080309000
001000908024006005000205004000007002000000100080053000040000080010700003007560000
000005000060000000005009302100800640800002090050400001000001400093000020080200007
000090000000400006040103000010200600200000003007050008038621409000000500902030000
